122.00
3.00   
8.00  
92.00  
70.00  
74.00  
85.00  
92.00  
38.00 
92.00 
122.00  
28.00  
35.00  
45.00  
70.00
77.00 
107.00  
92.00  
21.00  
11.00  
24.00 
66.00  
74.00  
92.00  
56.00  
70.00  
31.00
3.00
8.00
24.00
35.00 
92.00
45.00
92.00
3.00
42.00
92.00   
3.00
17.00
52.00
80.00
17.00
59.00
92.00
101.00
107.00
45.00
52.00
85.00
101.00
122.00
92.00
21.00
35.00
24.00
31.00
42.00
48.00
70.00
74.00
31.00
3.00
42.00
59.00
101.00
101.01
112.00
119.00
28.00
31.00
35.00
45.00
52.00
59.00
59.01
77.00
85.00
107.00
112.00
31.00
38.00
48.00
52.00
74.00
77.00
101.00
101.01
119.00
11.00
114.00 
35.00
45.00
74.00
74.01
77.00
80.00
85.00
90.00
90.01
8.00
8.01
70.00
77.00
17.00
35.00
52.00
77.00
101.00
114.00
21.00
24.00
66.00
74.00
101.00
101.01
114.00
8.00
17.00
38.00
42.00
42.01
42.02
52.00
28.00
28.01
31.00
38.00
52.00
74.00
74.01
77.00
77.01
80.00
80.01
92.00
92.01
17.00
119.00
52.00
11.00
11.01
14.00
17.00
52.00
56.00
56.01
80.00
80.01
107.00
17.00
35.00
66.00
90.00
28.00
66.00
70.00
70.01
74.00
3.00
14.00
24.00
24.01
28.00
31.00
35.00
48.00
74.00
77.00
119.00
21.00
28.00
45.00
56.00
63.00
80.00
85.00
92.00
101.00
101.01
119.00
28.00
35.00
52.00
59.00
66.00
66.01
90.00
97.00
119.00
8.00
8.01
24.00
42.00
45.00
59.00
63.00
63.01
77.00
101.00
119.00
122.00
80.00
92.00
122.00
122.01 
21.00
3.00
28.00
74.00
24.00
74.00
122.00
